671  1
    0    128    13  0
    1    128   124  0
    2     63   124  0
    3     63    13  1
    4     63   128  0
    5    124    13  0
    6    143   142  0
    7    143   125  0
    8    131   125  0
    9    131   142  0
   10    131   143  0
   11    125   142  0
   12    143    70  0
   13    143    21  0
   14     80    21  0
   15     80    70  1
   16     80   143  0
   17     21    70  1
   18    143   141  0
   19     80   141  0
   20     70   141  0
   21    124    45  0
   22    124    46  0
   23     65    46  0
   24     65    45  1
   25     65   124  0
   26     46    45  1
   27    143   132  0
   28      0   125  1
   29      0   132  1
   30      0   143  0
   31    125   132  0
   32    126    53  0
   33    126   116  0
   34     98   116  0
   35     98    53  1
   36     98   126  0
   37    116    53  1
   38     17    19  1
   39     17    69  0
   40     71    69  1
   41     71    19  0
   42     71    17  1
   43     69    19  0
   44     21     0  1
   45     21   132  0
   46    143    81  0
   47     82    80  1
   48     82    81  0
   49     82   143  0
   50     80    81  1
   51    124    43  0
   52    124    47  0
   53     98    47  0
   54     98    43  1
   55     98   124  0
   56     47    43  1
   57    143    83  0
   58      4    83  1
   59      4   132  0
   60      4   143  0
   61     83   132  1
   62    140   139  0
   63    140    36  0
   64    107    36  1
   65    107   139  0
   66    107   140  0
   67     36   139  0
   68    143   127  0
   69     83   127  1
   70    127   132  0
   71    124     7  0
   72      8     7  0
   73      8    13  1
   74      8   124  0
   75      7    13  1
   76    142   141  0
   77    142   130  0
   78    131   130  0
   79    131   141  0
   80    130   141  0
   81    146   144  0
   82    146    38  0
   83    136    38  0
   84    136   144  0
   85    136   146  0
   86     38   144  1
   87    128   103  0
   88    128   117  0
   89    104   117  1
   90    104   103  1
   91    104   128  0
   92    117   103  0
   93    124    15  0
   94     14    46  0
   95     14    15  1
   96     14   124  0
   97     46    15  1
   98    131   132  0
   99    131     4  0
  100      5   132  0
  101      5   125  1
  102    131     5  1
  103     17   105  0
  104     17    67  0
  105     85    67  1
  106     85   105  1
  107     85    17  1
  108     67   105  0
  109    126   105  0
  110    126    19  0
  111     22    19  0
  112     22   105  1
  113     22   126  0
  114     19   105  1
  115     94    95  1
  116     94    64  1
  117     76    64  0
  118     76    95  0
  119     76    94  1
  120     64    95  0
  121     67    19  0
  122    149   148  0
  123    149     6  1
  124      4     6  1
  125      4   148  0
  126      4   149  0
  127      6   148  0
  128    143    67  0
  129     85    70  0
  130     85   143  0
  131     67    70  1
  132    146   145  0
  133    146   133  0
  134     87   133  1
  135     87   145  0
  136     87   146  0
  137    133   145  0
  138    143   119  0
  139     70   119  1
  140    119   141  1
  141     82    21  1
  142     20    19  1
  143     20    26  1
  144    118    26  1
  145    118    19  0
  146    118    20  0
  147     26    19  0
  148     85    21  1
  149    124     9  0
  150      8     9  1
  151      9     7  1
  152    126    59  0
  153    126    79  0
  154     23    79  0
  155     23    59  0
  156     23   126  0
  157     79    59  1
  158     85   127  1
  159     21   127  0
  160     89    30  0
  161     89    88  1
  162     87    88  0
  163     87    30  0
  164     87    89  1
  165     88    30  1
  166    148   143  0
  167    148   127  0
  168     83   148  0
  169    148   134  0
  170    148   102  0
  171    123   102  0
  172    123   134  0
  173    123   148  0
  174    102   134  0
  175    128   110  0
  176    128    36  0
  177    108    36  1
  178    108   110  1
  179    108   128  0
  180     36   110  0
  181    131   148  0
  182    148    84  0
  183    105    84  1
  184    105   123  0
  185    105   148  0
  186     84   123  0
  187     20   106  1
  188     69   106  1
  189     69    20  0
  190    106    19  0
  191    148    62  0
  192    148    34  0
  193     29    34  1
  194     29    62  0
  195     29   148  0
  196     34    62  1
  197    140    50  0
  198    114   107  1
  199    114    50  1
  200    114   140  0
  201    107    50  0
  202    148   119  0
  203     70    29  0
  204     70   148  0
  205     29   119  1
  206    140   109  0
  207     42   109  1
  208     42    36  0
  209     42   140  0
  210    109    36  1
  211    140    38  0
  212     36    38  1
  213     38   139  1
  214    140    91  0
  215     50    91  1
  216    107    91  1
  217    126    78  0
  218    126    75  0
  219     59    75  0
  220     59    78  1
  221     75    78  1
  222    128   102  0
  223    103   102  0
  224    102   104  1
  225    146    34  0
  226     37    34  1
  227     37   144  1
  228     37   146  0
  229     34   144  0
  230    107    42  1
  231     91   139  1
  232    128   123  0
  233    128    84  0
  234    102    84  1
  235     53    54  1
  236     55    54  0
  237     55   126  0
  238     55    53  1
  239     54   126  0
  240    138    64  0
  241    138    45  0
  242     65    64  1
  243     65   138  0
  244     45    64  0
  245     31    87  1
  246     31   145  1
  247     31   146  0
  248     79    28  1
  249     24    28  0
  250     24   126  0
  251     24    79  1
  252     28   126  0
  253    138   120  0
  254     45   120  1
  255    120    64  1
  256    106    72  0
  257     71    72  0
  258     71   106  0
  259     69    72  1
  260    138   121  0
  261    120   121  0
  262    121    64  1
  263    138    99  0
  264    121    99  1
  265    120    99  1
  266    138    74  0
  267    120    74  0
  268     74    99  1
  269    138    95  0
  270    138    93  0
  271     96    93  0
  272     96    95  1
  273     96   138  0
  274     93    95  1
  275    126    92  0
  276     93    22  0
  277     93    92  1
  278     93   126  0
  279     22    92  1
  280    138    76  0
  281     76    96  1
  282     20    18  1
  283     69    18  1
  284     19    18  0
  285    138    97  0
  286     93    97  1
  287     96    97  1
  288     13   103  1
  289     13   117  1
  290     76   121  1
  291     55    59  1
  292     55    78  0
  293    113    59  0
  294    113    23  0
  295     27    23  0
  296     27    59  0
  297     27   113  0
  298    126   113  0
  299    112    23  0
  300    112   113  1
  301    112   126  0
  302    148    67  0
  303     85   148  0
  304    128     7  0
  305     12     7  1
  306     12   124  0
  307     12   128  0
  308    146   139  0
  309     91   145  1
  310     91   146  0
  311    139   145  0
  312    138    78  0
  313     75    74  0
  314     75   138  0
  315     74    78  1
  316    148   146  0
  317    148    52  0
  318     86    52  1
  319     86   146  0
  320     86   148  0
  321     52   146  0
  322     25    23  0
  323     25    28  1
  324     27    28  0
  325     27    25  1
  326     28    23  1
  327     18    17  1
  328    146    50  0
  329     52    50  1
  330     52   133  0
  331     50   133  1
  332    134     6  0
  333    134   104  0
  334     60   104  0
  335     60     6  1
  336     60   134  0
  337    104     6  1
  338      3    82  1
  339      3    81  1
  340      3   143  0
  341    106   112  0
  342    106   118  1
  343     57   118  1
  344     57   112  0
  345     57   106  0
  346    118   112  0
  347     84   127  0
  348    105   127  0
  349    124    41  0
  350    124    66  0
  351     40    66  0
  352     40    41  1
  353     40   124  0
  354     66    41  1
  355    113    56  1
  356    113    57  0
  357    112    56  0
  358     57    56  1
  359    146   140  0
  360     23    19  1
  361    118    23  0
  362    112    19  0
  363     79    27  1
  364    124    11  0
  365    124    10  0
  366      9    10  0
  367      9    11  1
  368     10    11  1
  369     54   116  0
  370     54   113  1
  371    116   113  1
  372    147   136  0
  373    147    33  1
  374    135    33  1
  375    135   136  0
  376    135   147  0
  377     33   136  0
  378     26    27  0
  379     26    23  1
  380     27   118  1
  381     29   146  0
  382    128    92  0
  383    128    93  0
  384     12    93  0
  385     12    92  1
  386     41    14  0
  387     41     8  1
  388     14     8  1
  389    102     6  0
  390    146   137  0
  391    136    29  0
  392    136   137  0
  393     29   137  1
  394    144   140  0
  395    144    36  0
  396    108   140  0
  397    108   144  0
  398     67    71  1
  399      4   102  1
  400      4    84  0
  401     86    87  1
  402     86   137  0
  403     87   137  0
  404     11     7  0
  405     67   123  0
  406     85   123  0
  407    137    90  0
  408     30    90  1
  409     30   137  1
  410     87    90  0
  411    123    73  0
  412     71    73  1
  413     71   123  0
  414     73    67  0
  415    147   129  0
  416    147    30  1
  417     90   129  0
  418     90   147  0
  419     30   129  0
  420    128   126  0
  421     22   128  0
  422    138   126  0
  423    138   124  0
  424     98   138  0
  425    124   126  0
  426     86    70  1
  427     86    67  0
  428     81   141  1
  429     81   142  1
  430     84    92  1
  431     92   123  0
  432    146   123  0
  433     50   123  0
  434     52   123  0
  435     52   114  0
  436     49   114  0
  437     49    50  1
  438     49    52  0
  439    113    77  0
  440     57    77  1
  441     77    56  0
  442    138   101  0
  443    124   101  0
  444     98   101  1
  445    140   134  0
  446    140   148  0
  447    134   146  0
  448    124    16  0
  449     10    16  1
  450     10    14  0
  451     16    14  1
  452    128   109  0
  453     63   109  0
  454    109   124  0
  455     29    86  1
  456    130   119  0
  457    119   131  0
  458     26    25  1
  459     47    40  0
  460     40    43  1
  461    123   114  0
  462    123   107  0
  463     42   114  0
  464     42   123  0
  465     14    66  1
  466     64   124  0
  467     95   124  0
  468     23    57  0
  469    142     5  0
  470      2     5  1
  471      2   125  0
  472      2   142  0
  473    140    37  0
  474    108   134  0
  475    108    37  1
  476    134    37  0
  477     27    57  0
  478    138   100  0
  479     53   100  1
  480     53   138  0
  481    100    98  0
  482      5     4  1
  483     59    54  1
  484     59    77  1
  485     54    77  0
  486    128   111  0
  487    110    63  1
  488    110   111  0
  489     63   111  1
  490    146    32  0
  491    129    32  1
  492    129   136  0
  493    129   146  0
  494     32   136  1
  495      9    14  0
  496      9    16  1
  497     13    12  0
  498     12   103  1
  499    137   135  0
  500     29   135  0
  501    124    48  0
  502     47    66  0
  503     47    48  1
  504     66    48  1
  505     74   121  0
  506      8    63  0
  507    126   123  0
  508    114   116  1
  509    114   126  0
  510    116   123  0
  511    134   128  0
  512     35   136  0
  513     35    33  1
  514     35   147  0
  515     62   131  1
  516     62   143  0
  517     12    11  1
  518    124    93  0
  519     11    93  1
  520     32   147  0
  521     35    32  1
  522    149   131  0
  523     62   149  1
  524      1   142  1
  525      1   131  0
  526      2   131  0
  527      2     1  1
  528     15    94  1
  529     15    95  0
  530     64    15  0
  531     22    23  1
  532     97    28  1
  533     97    22  1
  534     97   126  0
  535     28    22  0
  536    147   137  0
  537    129   137  0
  538    134   122  0
  539     61    60  1
  540     61   122  0
  541     61   134  0
  542     60   122  0
  543     55   100  0
  544     55   138  0
  545     91   133  0
  546    111   108  1
  547     42   126  0
  548     42   128  0
  549    129    31  1
  550    129    87  0
  551     90    31  1
  552    112   114  1
  553    112    52  0
  554    112   123  0
  555     42    98  1
  556     42   124  0
  557    140   128  0
  558    139   129  0
  559    129   145  0
  560    113    58  0
  561     77    58  1
  562     54    58  1
  563     74   101  0
  564    120   101  0
  565     52    67  1
  566     39    40  1
  567     39    41  0
  568     39   124  0
  569    138    24  0
  570     97    24  1
  571    123   140  0
  572    116    42  1
  573     34   136  1
  574    142     3  0
  575     81   125  0
  576      3   125  0
  577    137    88  0
  578     88    86  1
  579     73   112  0
  580     73    52  1
  581    148   122  0
  582      6   122  1
  583    111    13  0
  584     35   129  0
  585    119    62  1
  586     15    10  1
  587    120   124  0
  588      1   130  1
  589     65    15  1
  590     89    90  1
  591    101   100  1
  592     92   105  0
  593     37   148  0
  594     96    24  0
  595    123    22  0
  596    149    34  0
  597    122    34  0
  598    122   149  0
  599     39    43  0
  600    117   134  0
  601     60   117  1
  602     95    10  1
  603    116   112  0
  604     19   123  0
  605    122    37  1
  606     34   135  1
  607     43   109  1
  608    109    98  0
  609     51   115  1
  610     51   112  0
  611     72   112  0
  612     72   115  0
  613     72    51  1
  614    112   115  1
  615     76    75  1
  616     76    24  1
  617     75    24  0
  618    134   111  0
  619     61   108  0
  620     61   111  1
  621    101    47  1
  622     84    83  1
  623     75    79  1
  624    100    74  1
  625     55    74  1
  626    120    46  0
  627     46   101  0
  628     27    77  1
  629    102    12  1
  630      0     3  1
  631     56    58  1
  632    101    44  1
  633    120    44  1
  634     44    74  1
  635     46    44  1
  636    109   110  1
  637     41    63  1
  638     63    39  1
  639    117   111  1
  640     60   111  0
  641     76    74  1
  642    109    39  1
  643     66    46  1
  644     47    46  1
  645     86   133  0
  646    102    92  0
  647    115    56  1
  648     57   115  0
  649     51    49  1
  650     72    49  0
  651     49   112  1
  652     32   139  0
  653     37    61  1
  654     73    72  1
  655     49    73  1
  656     38    32  1
  657     35    90  1
  658      3    21  0
  659     93    10  0
  660     68   115  1
  661     68   112  0
  662     57    68  1
  663     68   106  1
  664     68    72  1
  665     68    71  0
  666    112    71  0
  667     73    68  0
  668     40    48  1
  669     62   130  1
  670      3     2  1
# Generated by tetgen -e -pq amongus.ply 
