150  3  0  0
   0    -1.0301929999999999  -0.040023000000000003  0.044047000000000003
   1    -0.58594299999999999  -0.36459900000000001  0.36026399999999997
   2    -0.71854099999999999  -0.36459900000000001  0.36026399999999997
   3    -0.80566599999999999  -0.396754  0.044047000000000003
   4    -0.82896300000000001  0.56957899999999995  0.52024099999999995
   5    -0.79261199999999998  -0.040023000000000003  0.39774199999999998
   6    -0.31698100000000001  0.59079700000000002  0.78147999999999995
   7    -0.63018399999999997  2.063666  0.993788
   8    -0.29883999999999999  2.3983840000000001  1.1526940000000001
   9    -0.63290500000000005  2.3983840000000001  0.99734100000000003
  10    -0.69484000000000001  2.8490199999999999  0.65364900000000004
  11    -0.82234799999999997  2.3983840000000001  0.65364900000000004
  12    -0.80684199999999995  1.8317920000000001  0.70283399999999996
  13    -0.33454499999999998  1.8317920000000001  1.0666949999999999
  14    -0.29883999999999999  2.7836789999999998  1.041598
  15    -0.33668199999999998  3.1193849999999999  0.63719700000000001
  16    -0.61611700000000003  2.717692  0.97496700000000003
  17    -0.63627599999999995  0.79755299999999996  -1.13269
  18    -0.64376  0.76904300000000003  -1.554441
  19    -0.68462699999999999  1.11822  -1.13269
  20    -0.66703800000000002  1.1791799999999999  -1.5968340000000001
  21    -0.84122200000000003  -0.040023000000000003  -0.36352800000000002
  22    -0.89544699999999999  1.7887820000000001  -0.565554
  23    -0.67708800000000002  1.849742  -1.117963
  24    -0.54617099999999996  2.545528  -0.84118700000000002
  25    -0.63653499999999996  2.1759770000000001  -1.542864
  26    -0.66161899999999996  1.7887820000000001  -1.588152
  27    -0.29883999999999999  2.2551890000000001  -1.606994
  28    -0.62873699999999999  2.1703459999999999  -1.117963
  29    0.25553300000000001  -0.112844  0.044047000000000003
  30    0.560334  -0.39675500000000002  0.044047000000000003
  31    1.0421100000000001  -0.040023000000000003  0.044047000000000003
  32    0.804531  -0.040023000000000003  0.39774199999999998
  33    0.59786399999999995  -0.36459900000000001  0.36026399999999997
  34    0.36110300000000001  -0.0049890000000000004  0.43963999999999998
  35    0.73046100000000003  -0.36459900000000001  0.36026399999999997
  36    0.86457899999999999  1.1791799999999999  0.61758900000000005
  37    0.328901  0.59079700000000002  0.78147999999999995
  38    0.84088300000000005  0.56957899999999995  0.52024000000000004
  39    0.64210599999999995  2.0636679999999998  0.99378699999999998
  40    0.64482600000000001  2.3983840000000001  0.99733899999999998
  41    0.31076199999999998  2.3983840000000001  1.152692
  42    1.107626  1.7887820000000001  0.044047000000000003
  43    0.83426599999999995  2.3983840000000001  0.65364900000000004
  44    0.58292100000000002  3.2925439999999999  0.047870999999999997
  45    0.170629  3.349602  0.42302800000000002
  46    0.34860200000000002  3.1193840000000002  0.63719700000000001
  47    0.70675900000000003  2.8490180000000001  0.65364900000000004
  48    0.62803699999999996  2.7176900000000002  0.97496499999999997
  49    0.64819599999999999  0.79755500000000001  -1.1234109999999999
  50    0.828295  0.61691499999999999  -0.55841200000000002
  51    0.65568000000000004  0.76904399999999995  -1.5544389999999999
  52    0.31076199999999998  0.45271  -0.71743400000000002
  53    0.79366499999999995  2.3647459999999998  -0.60901400000000006
  54    0.640656  2.1703410000000001  -1.1179619999999999
  55    0.558091  2.5455209999999999  -0.84118700000000002
  56    0.67353799999999997  1.7887820000000001  -1.5881510000000001
  57    0.31076199999999998  1.7887820000000001  -1.758483
  58    0.648455  2.1759759999999999  -1.5428630000000001
  59    0.38362600000000002  2.427289  -1.0916250000000001
  60    -0.12587300000000001  0.80814399999999997  0.97871900000000001
  61    0.137794  0.80814399999999997  0.97871900000000001
  62    -0.34918100000000002  -0.0049890000000000004  0.43963999999999998
  63    0.34646500000000002  1.831793  1.0666949999999999
  64    -0.32716099999999998  3.3624260000000001  0.047877999999999997
  65    -0.15870899999999999  3.349602  0.42302800000000002
  66    0.31076199999999998  2.7836780000000001  1.0415970000000001
  67    -0.29883999999999999  0.452708  -0.71743400000000002
  68    0.31076199999999998  1.1791799999999999  -1.7738119999999999
  69    -0.29883999999999999  0.67998199999999998  -1.622322
  70    -0.32623799999999997  -0.011394  -0.410659
  71    -0.35980000000000001  0.62536499999999995  -1.13269
  72    0.31076199999999998  0.679983  -1.6223209999999999
  73    0.371722  0.62536800000000003  -1.1234109999999999
  74    0.375691  3.045445  -0.60323099999999996
  75    -0.13977000000000001  2.7885800000000001  -0.90021700000000004
  76    -0.36377100000000001  3.045445  -0.60323099999999996
  77    0.31076199999999998  2.255188  -1.6069929999999999
  78    0.15168999999999999  2.7885800000000001  -0.90021700000000004
  79    -0.37170599999999998  2.4272930000000001  -1.091626
  80    -0.54770300000000005  -0.394289  -0.30808999999999997
  81    -0.54841399999999996  -0.396754  0.044047000000000003
  82    -0.758108  -0.394289  -0.30808999999999997
  83    -1.0841780000000001  0.56957899999999995  0.044047000000000003
  84    -1.1232740000000001  1.1791799999999999  0.044047000000000003
  85    -0.81637599999999999  0.61691399999999996  -0.55841200000000002
  86    0.33815800000000001  -0.011394  -0.410659
  87    0.85314100000000004  -0.040023000000000003  -0.36352899999999999
  88    0.55962299999999998  -0.39428999999999997  -0.30808999999999997
  89    0.77002800000000005  -0.39428999999999997  -0.30808999999999997
  90    0.81758600000000003  -0.39675500000000002  0.044047000000000003
  91    1.0960939999999999  0.56957899999999995  0.044047000000000003
  92    -1.095709  1.7887820000000001  0.044047000000000003
  93    -1.0090170000000001  2.3983840000000001  0.044047000000000003
  94    -0.57100099999999998  3.2925450000000001  0.047877999999999997
  95    -0.74518499999999999  3.0487039999999999  0.047877999999999997
  96    -0.73042499999999999  2.8959100000000002  -0.43478600000000001
  97    -0.78174699999999997  2.3647499999999999  -0.60901400000000006
  98    1.0209330000000001  2.3983840000000001  0.044047000000000003
  99    0.19329099999999999  3.3587039999999999  -0.36527399999999999
 100    0.74234500000000003  2.8959090000000001  -0.43478600000000001
 101    0.75710500000000003  3.0487030000000002  0.047870999999999997
 102    -0.85265999999999997  1.1791799999999999  0.61758999999999997
 103    -0.56154800000000005  1.657265  0.93882399999999999
 104    -0.51854699999999998  1.1791799999999999  0.92239099999999996
 105    -0.91209099999999999  1.1791799999999999  -0.565554
 106    -0.29883999999999999  1.1791799999999999  -1.7738130000000001
 107    1.1351910000000001  1.1791799999999999  0.044047000000000003
 108    0.53046599999999999  1.1791799999999999  0.92239000000000004
 109    0.81876099999999996  1.831793  0.70283300000000004
 110    0.57346900000000001  1.657267  0.93882299999999996
 111    0.225665  1.1791799999999999  0.99786300000000006
 112    0.69654499999999997  1.11822  -1.1234109999999999
 113    0.68900600000000001  1.849742  -1.1179619999999999
 114    0.92400800000000005  1.1791799999999999  -0.565554
 115    0.67895700000000003  1.1791799999999999  -1.5968329999999999
 116    0.90736399999999995  1.7887820000000001  -0.565554
 117    -0.21374599999999999  1.1791799999999999  0.99786300000000006
 118    -0.29883999999999999  1.7887820000000001  -1.7584850000000001
 119    -0.243613  -0.112844  0.044047000000000003
 120    0.33907999999999999  3.3624260000000001  0.047870999999999997
 121    -0.181371  3.3587039999999999  -0.36527399999999999
 122    -0.12587300000000001  0.59079700000000002  0.78147999999999995
 123    0.10151399999999999  1.1371575353554177  -0.0138036314317036
 124    0.023437191677165015  2.3690208491766946  0.32718024372100729
 125    -0.91140249999999989  -0.040023000000000003  0.22089449999999999
 126    -0.031328897236944639  1.9989659897903911  -0.43839005283845722
 127    -0.95027700000000004  0.59324650000000001  -0.25718249999999998
 128    -0.066599122822610324  1.6699959723737898  0.42732206295501296
 129    0.92332049999999999  -0.040023000000000003  0.22089449999999999
 130    -0.46756200000000003  -0.18479399999999999  0.39995199999999997
 131    -0.5664434770788993  -0.022154181554699965  0.41911174810815721
 132    -1.0571855000000001  0.26477799999999996  0.044047000000000003
 133    0.84071800000000008  0.28844599999999998  -0.46097050000000001
 134    0.0059605000000005348  1.0371499337033339  0.50799453152460439
 135    0.47948349999999995  -0.18479400000000001  0.39995199999999997
 136    0.57836518674811832  -0.022154274747047047  0.41911163665719653
 137    0.4079335  -0.25479950000000001  0.044047000000000003
 138    0.0059600000000001319  2.6213800047963329  -0.30163702414595384
 139    0.96848849999999997  0.56957899999999995  0.28214349999999999
 140    0.56392502127039068  0.94155422999666361  0.21856435661157925
 141    -0.39601349999999996  -0.254799  0.044047000000000003
 142    -0.56717850000000003  -0.38067649999999997  0.20215549999999999
 143    -0.60147159381001114  0.11856215979231161  -0.038312451445886395
 144    0.58489199999999997  0.58018799999999993  0.65085999999999999
 145    1.069102  0.26477799999999996  0.044047000000000003
 146    0.46917354929935018  0.40679370595071507  0.071944905731782999
 147    0.57909900000000003  -0.38067700000000004  0.20215549999999999
 148    -0.22142700000000004  0.56833051684069769  0.16598895700950311
 149    -0.33308100000000002  0.292904  0.61055999999999999
# Generated by tetgen -e -pq amongus.ply 
