384  4  0
    0     124    63    13   128
    1     125   131   142   143
    2      21    80    70   143
    3      70    80   141   143
    4      46    65    45   124
    5     125     0   132   143
    6     116    98    53   126
    7      69    71    19    17
    8       0    21   132   143
    9      80    82    81   143
   10      47    98    43   124
   11      83     4   132   143
   12      36   107   139   140
   13     127    83   132   143
   14       7     8    13   124
   15     130   131   141   142
   16      38   136   144   146
   17     117   104   103   128
   18      46    14    15   124
   19     132   131   143     4
   20     125   131   132     5
   21      67    85   105    17
   22      19    22   105   126
   23      64    76    95    94
   24      67   105    19    17
   25       6     4   148   149
   26      67    85    70   143
   27     133    87   145   146
   28     119    70   141   143
   29      82    80    21   143
   30      26   118    19    20
   31      70    85    21   143
   32       9     8     7   124
   33      79    23    59   126
   34      21    85   127   143
   35      21   127   132   143
   36      88    87    30    89
   37     127    83   143   148
   38     102   123   134   148
   39      36   108   110   128
   40     148   131     4   143
   41      84   105   123   148
   42     106    69    19    20
   43      34    29    62   148
   44     107   114    50   140
   45      29    70   119   148
   46     109    42    36   140
   47      38    36   139   140
   48     107    50    91   140
   49      75    59    78   126
   50     102   103   104   128
   51      34    37   144   146
   52     107    36    42   140
   53     107    91   139   140
   54      84   102   123   128
   55      54    55   126    53
   56      45    65    64   138
   57      87    31   145   146
   58      28    24   126    79
   59     120    45    64   138
   60      69    71    72   106
   61     121   120    64   138
   62     120   121    99   138
   63      74   120    99   138
   64      93    96    95   138
   65      22    93    92   126
   66      76    95    96   138
   67      19    69    18    20
   68      96    93    97   138
   69     103    13   117   128
   70      64    76   121   138
   71      59    55    78   126
   72      23    27    59   113
   73      23   112   113   126
   74      67    85   143   148
   75       7    12   124   128
   76     139    91   145   146
   77      74    75    78   138
   78      52    86   146   148
   79      28    27    23    25
   80      19    69    17    18
   81      50    52   133   146
   82     104    60     6   134
   83      82     3    81   143
   84     118    57   112   106
   85     105    84   127   148
   86      66    40    41   124
   87      57   112    56   113
   88      91   139   140   146
   89     112   118    19    23
   90      27    28    23    79
   91      10     9    11   124
   92     116    54   113   126
   93      33   135   136   147
   94      69    71   106    19
   95      27    26   118    23
   96      29    34   146   148
   97      93    12    92   128
   98      14    41     8   124
   99       6   102   134   148
  100      29   136   137   146
  101      36   108   140   144
  102      71    67    19    17
  103     102     4    84   148
  104      87    86   137   146
  105     139    38   140   146
  106       7    11     9   124
  107     118    26    19    23
  108      85    67   123   148
  109      87    30    90   137
  110      73    71    67   123
  111      30    90   129   147
  112      92    22   126   128
  113     124    98   126   138
  114      70    86    67   148
  115     141    81   142   143
  116      92    84   123   128
  117      52    50   123   146
  118     114    49    50    52
  119     112   118   106    19
  120      77    57    56   113
  121      98   124   101   138
  122     134   140   146   148
  123      80    81   141   143
  124      16    10    14   124
  125     109    63   124   128
  126      86    29   146   148
  127     118   106    19    20
  128     119   130   131   141
  129      27    26    23    25
  130      40    47    43   124
  131     107    42   114   123
  132      41    14    66   124
  133      95    64   124   138
  134      59    23   113   126
  135      57   118   112    23
  136       5     2   125   142
  137     134   108    37   140
  138      27   118    57    23
  139     100    53    98   138
  140     132   131     4     5
  141      28    23    79   126
  142      54    59    77   113
  143     123    52   146   148
  144      63   110   111   128
  145     131   119   141   143
  146      32   129   136   146
  147      14     9    16   124
  148      12    13   103   128
  149     135    29   136   137
  150      66    47    48   124
  151      74    99   121   138
  152      63     8   124    13
  153     116   114   123   126
  154     102   123   128   134
  155     136    35    33   147
  156     131    62   143   148
  157     112    57    23   113
  158      50    91   140   146
  159       7    12    11   124
  160      11    12    93   124
  161      93   124   126   138
  162     136    35   147    32
  163     131    62   148   149
  164     131     2   142     1
  165      95    64    94    15
  166      22    19    23   126
  167      28    97    22   126
  168      30   129   137   147
  169      97    93    22   126
  170      60    61   122   134
  171     100    55    53   138
  172      19   112    23   126
  173      65    45   124   138
  174      91    50   133   146
  175      13     7   124   128
  176     111   110   108   128
  177     123    42   126   128
  178      87    90    31   129
  179      23    28    22   126
  180     114   112    52   123
  181      98    42   124   126
  182      42   109   128   140
  183      76    64    95   138
  184       9    10    16   124
  185      83     4   143   148
  186      95    64    15   124
  187     102     6     4   148
  188     129   139   145   146
  189      37   134   140   146
  190      54    77    58   113
  191      98    53   126   138
  192     120    74   101   138
  193      86    52    67   148
  194      40    39    41   124
  195      85    67   105   123
  196      24    97   126   138
  197       9    14     8   124
  198     129    32   136   147
  199     123    50   140   146
  200      42   124   126   128
  201      12    93   124   128
  202      93    92   126   128
  203     140    38   144   146
  204      42   116   123   126
  205      55    78   126   138
  206     114    42   116   123
  207     136    34   144   146
  208       3    81   125   142
  209       5   125   131   142
  210      88    87    86   137
  211     112    73    52   123
  212     122     6   134   148
  213      42   109   124   128
  214      63   111    13   128
  215      67    52    73   123
  216      35    32   129   147
  217      62   119   143   148
  218      15    14    10   124
  219     119    70   143   148
  220      31   129   145   146
  221     120   101   124   138
  222     107    42   123   140
  223      67    52   123   148
  224     130     1   131   142
  225      70    67   143   148
  226     114   112   123   126
  227      65    46    15   124
  228      30    87    90    89
  229      86    29   137   146
  230      98   101   100   138
  231      92    84   105   123
  232      36   108   128   140
  233      34    37   146   148
  234      24    96    97   138
  235     128   108   134   140
  236      92   105    22   123
  237      87    88    30   137
  238      37   134   146   148
  239      85   105   127   148
  240     123   128   134   140
  241     140   123   146   148
  242      34   122   148   149
  243      43    39    40   124
  244     104    60   134   117
  245      95    15    10   124
  246      97    93   126   138
  247     116   113   112   126
  248     112    19   123   126
  249      31    87   129   146
  250      37   122   134   148
  251      29    34   135   136
  252     109    43    98   124
  253     112    72   115    51
  254      75    76    24   138
  255     108    61   111   134
  256      38    36   140   144
  257      19   105   123   126
  258      47    98   124   101
  259      54    55    59   126
  260     116    53    54   126
  261      83    84     4   148
  262      37   140   144   146
  263      59    75    79   126
  264     123    42   128   140
  265      91   133   145   146
  266      55   100    74   138
  267     122     6   148   149
  268      46   120   101   124
  269      59    27    77   113
  270     103   102    12   128
  271      23    27    79    59
  272       3     0   125   143
  273      77    56    58   113
  274     131   125   132   143
  275      27    57    77   113
  276     101    74   100   138
  277      44   120    74   101
  278     116    42    98   126
  279      44    46   120   101
  280     105    22   123   126
  281      63   109   110   128
  282      63    41    39   124
  283      81     3   125   143
  284      28    24    97   126
  285     102    84   123   148
  286       6   102   104   134
  287      60   117   111   134
  288      61    60   111   134
  289      84    83   127   148
  290      74    76    75   138
  291     120    46    45   124
  292     109    98    42   124
  293     109    63    39   124
  294      47    66    46   124
  295      13   111   117   128
  296     131     2     5   142
  297      62    34   148   149
  298      55    74    78   138
  299      64    65   124   138
  300      43   109    39   124
  301      50   114   123   140
  302      13    12     7   128
  303      86    87   133   146
  304      92   102    84   128
  305      15    64    65   124
  306     112    57    56   115
  307      49    72   112    51
  308     129    32   139   146
  309      57    27    23   113
  310     131   148     4   149
  311       6    60   122   134
  312      61    37   122   134
  313      72    49   112    73
  314      32    38   139   146
  315      90    35   129   147
  316      38    32   136   146
  317       3    82    21   143
  318       3    21     0   143
  319      46    66    14   124
  320      10    93    95   124
  321     112    57   115    68
  322      57   112   106    68
  323      72   112   115    68
  324      71    72   106    68
  325      78    75   126   138
  326     112   106    71    19
  327     106   112    71    68
  328     112    71    68    73
  329      72   112    68    73
  330      71    72    68    73
  331     112    71   123    19
  332     104   102   128   134
  333     108    37   140   144
  334      63     8    41   124
  335      46   101    47   124
  336     105    85   123   148
  337     108   111   128   134
  338      47    40    48   124
  339      40    66    48   124
  340      96    24    76   138
  341      49   112    73    52
  342      49   114   112    52
  343      50   114    52   123
  344     105    67    19   123
  345      67    71    19   123
  346      71   112   123    73
  347      87    90   129   137
  348      62    29   119   148
  349     109    36   128   140
  350     114   107   123   140
  351     136   129   137   146
  352      54    59   113   126
  353      70    29    86   148
  354     131   141   142   143
  355      62   119   130   131
  356      37    34   122   148
  357      12   102    92   128
  358     124    93   126   128
  359     129   136   137   147
  360     108    61   134    37
  361      90    30   129   137
  362      52    86   133   146
  363      22   123   126   128
  364      74   121    76   138
  365      10    93   124    11
  366      45   120   124   138
  367      81   125   142   143
  368     117   104   128   134
  369      29    34   136   146
  370     136   135   137   147
  371      75    24    79   126
  372     109    36   110   128
  373     134   123   140   148
  374      22    92   123   128
  375      62   119   131   143
  376      93    95   124   138
  377     111   117   128   134
  378      85   127   143   148
  379      55   126    53   138
  380      75    24   126   138
  381     129    87   137   146
  382     116   112   114   126
  383       2     3   125   142
# Generated by tetgen -e -pq amongus.ply 
